8c0b0030
200d0030
200c0002
ac0c7ff4
200c0000
11acfffe
8d880000
ac087ff0
218c0004
200a0000
014b702a
20010000
102efff8
8c0e7ff4
014e5020
08000c0a
00000000
00000000
00000000
00000000
00000000
00000000
00000000
00000000
00000000
00000000
00000000
00000000
00000000
00000000
00000000
00000000
00000000
00000000
00000000
00000000
00000000
00000000
00000000
00000000
00000000
00000000
00000000
00000000
00000000
00000000
00000000
00000000
00000000
00000000
00000000
00000000
00000000
00000000
00000000
00000000
00000000
00000000
00000000
00000000
00000000
00000000
00000000
00000000